                                           
              [0;1;30;90;43mX@[0;33;5;43;103mt.........;[0;1;33;93;43mt[0;1;30;90;43mX[0m              
           [0;1;30;90;43m@[0;33;5;43;103m:..................[0;1;33;93;43mt[0m           
         [0;33;5;43;103mt.......................;[0;1;30;90;43mX[0m        
       [0;33;5;43;103mS...........................t[0m       
     [0;1;30;90;43mX[0;33;5;43;103m...............................[0;1;33;93;43mt[0m     
    [0;1;30;90;43m@[0;33;5;43;103m......[0;37;5;43;103m8[0;1;33;93;47mS[0;1;37;97;47m8[0;37;5;47;107mX[0;1;37;97;47m8[0;1;33;93;47mX[0;37;5;43;103mX[0;33;5;43;103m.......[0;37;5;43;103mX[0;1;33;93;47m8[0;1;37;97;47m8888[0;37;5;43;103m8[0;33;5;43;103m......[0;1;33;93;43mS[0m    
   [0;1;30;90;43mX[0;33;5;43;103m.....[0;37;5;43;103mS[0;1;37;97;47m8[0;37;5;47;107mttttttt[0;1;33;93;47mX[0;33;5;43;103m.....[0;37;5;43;103m8[0;37;5;47;107m%tttttt[0;1;37;97;47m8[0;37;5;43;103mX[0;33;5;43;103m.....[0;1;33;93;43mt[0m   
   [0;33;5;43;103m:.....[0;1;37;97;47m8[0;37;5;47;107mtt[0;1;37;97;47m8[0;37;5;40;100m8[0;33;5;40;100m [0;1;30;90;47m@[0;1;37;97;47m8[0;37;5;47;107mtt[0;1;33;93;47mX[0;33;5;43;103m...[0;37;5;43;103m8[0;37;5;47;107mttS[0;1;30;90;47m%[0;33;5;40;100m [0;37;5;40;100m@[0;1;37;97;47m%[0;37;5;47;107mttS[0;37;5;43;103mS[0;33;5;43;103m.....[0m   
  [0;1;33;93;43mt[0;33;5;43;103m.....[0;37;5;43;103m8[0;37;5;47;107mtt[0;1;37;97;47m@[0;30;5;40;100m8[0;1;30;90;40m888[0;30;5;40;100mS[0;37;5;47;107mStt[0;33;5;43;103m...[0;37;5;47;107mStt[0;33;5;40;100m:[0;1;30;90;40m8888[0;1;30;90;47m [0;37;5;47;107mtt[0;37;5;43;103m8[0;33;5;43;103m......[0m  
  [0;1;33;93;43m%[0;33;5;43;103m:....[0;37;5;43;103m8[0;37;5;47;107mtt[0;1;30;90;47m:[0;1;30;90;40m88888[0;1;37;97;47m@[0;37;5;47;107mtt[0;37;5;43;103mX[0;33;5;43;103m..[0;37;5;47;107m%t%[0;30;5;40;100m8[0;1;30;90;40m8888[0;37;5;40;100m8[0;37;5;47;107mtt[0;1;33;93;47m@[0;33;5;43;103m......[0m  
 [0;1;30;90;43mS[0;1;33;93;43m%[0;33;5;43;103m:....[0;37;5;43;103mX[0;37;5;47;107mttS[0;33;5;40;100m.[0;1;30;90;40m888[0;37;5;40;100m8[0;37;5;47;107mttS[0;33;5;43;103m...[0;1;37;97;47m8[0;37;5;47;107mtt[0;1;30;90;47m%[0;30;5;40;100m8[0;1;30;90;40m88[0;33;5;40;100mt[0;1;37;97;47m8[0;37;5;47;107mtt[0;37;5;43;103m8[0;33;5;43;103m......[0;1;33;93;43mS[0m 
 [0;1;30;90;43mS[0;1;33;93;43m%[0;33;5;43;103mt.....[0;37;5;43;103m8[0;37;5;47;107mttt[0;1;37;97;47m8t8[0;37;5;47;107mtt%[0;37;5;43;103m8[0;33;5;43;103m...[0;37;5;43;103m@[0;37;5;47;107mSttX[0;1;37;97;47m%@[0;37;5;47;107mttt[0;1;33;93;47mX[0;33;5;43;103m........[0m 
 [0;1;30;90;43mS[0;1;33;93;43m%S[0;33;5;43;103m......[0;37;5;43;103m8[0;37;5;47;107mSttttt[0;1;37;97;47m8[0;37;5;43;103m@[0;33;5;43;103m.....[0;37;5;43;103mX[0;1;37;97;47m8[0;37;5;47;107mttttt%[0;37;5;43;103m8[0;33;5;43;103m.........[0m 
 [0;1;30;90;43mS[0;1;33;93;43m%%[0;33;5;43;103m;.......[0;37;5;43;103m@8[0;1;33;93;47m8[0;37;5;43;103m8@[0;33;5;43;103m.........[0;37;5;43;103mX8[0;1;33;93;47m8[0;37;5;43;103m88[0;33;5;43;103m..........S[0m 
  [0;1;33;93;43m%%%[0;33;5;43;103m:......%[0;1;33;93;43mt[0;33;5;43;103m;.............:[0;1;33;93;43mtS[0;33;5;43;103m..........[0;1;30;90;43mX[0m 
  [0;1;33;93;43mt%%[0;33;5;43;103mS:....:[0;30;5;40;100m8[0;1;30;90;40m8[0;31;5;40;100mS[0;1;33;93;43m%[0;33;5;43;103m...........X[0;33;5;40;100m8[0;1;30;90;40m88[0;33;5;43;103m%.........[0m  
   [0;1;33;93;43m%%%[0;33;5;43;103mS:....[0;37;43mS[0;30;5;40;100mX[0;1;30;90;40m88[0;33;5;40;100m8[0;1;33;93;43mt[0;33;5;43;103m:.....:[0;1;33;93;43mS[0;1;30;90;43m8[0;30;5;40;100m8[0;1;30;90;40m8[0;30;5;40;100m8[0;1;30;90;43m8[0;33;5;43;103m.........[0;1;30;90;43mX[0m  
   [0;1;30;90;43mS[0;1;33;93;43m%%%S[0;33;5;43;103m:....;[0;1;30;90;43m8[0;30;5;40;100m@[0;1;30;90;40m88[0;30;5;40;100m8[0;33;5;40;100m8[0;1;30;90;43m888[0;33;5;40;100m8[0;30;5;40;100mX[0;1;30;90;40m88[0;30;5;40;100m8[0;1;30;90;43m8[0;33;5;43;103m%.........[0;1;33;93;43mS[0m   
    [0;1;30;90;43mS[0;1;33;93;43m%%%%[0;33;5;43;103m;.....;[0;1;30;90;43m8[0;33;5;40;100m8[0;30;5;40;100m@[0;1;30;90;40m88888[0;30;5;40;100m8[0;33;5;40;100m8[0;1;30;90;43m8[0;33;5;43;103mt..........%[0m    
     [0;1;30;90;43mS[0;1;33;93;43m%%%%[0;33;5;43;103m%:......:t[0;1;33;93;43mSSS[0;33;5;43;103m%:............[0;1;33;93;43mS[0m     
       [0;1;33;93;43m;%%%%[0;33;5;43;103m%:.....................:[0m       
        [0;1;30;90;43m%[0;1;33;93;43mt%%%%[0;33;5;43;103m%;:.................[0;1;30;90;43mX[0m        
           [0;1;30;90;43mX[0;1;33;93;43m%%%%%[0;33;5;43;103m%t::..........S[0m           
              [0;1;30;90;43mSX[0;1;33;93;43m%%%%%S[0;33;5;43;103m%tt;;S[0;1;30;90;43m@[0m              
                                           
